Starting measurements...

================================================================================
Buffer size: 1 bytes
================================================================================

Program: ./unixcopy
  File: file-1B.bin
    runs: [0.006149, 0.005773, 0.006023, 0.005935, 0.005970, 0.005906, 0.006306, 0.005417, 0.005998, 0.005943, 0.005951, 0.006906, 0.005841, 0.006064, 0.005775, 0.004946, 0.006000, 0.005904, 0.005981, 0.005857]
    mean: 0.005932 s    pstdev: 0.000352 s
  File: file-100MB.bin
    runs: [0.219356, 0.217174, 0.217967, 0.219176, 0.218199, 0.219156, 0.220055, 0.217298, 0.217947, 0.217164, 0.217177, 0.219220, 0.218941, 0.217073, 0.219173, 0.223230, 0.222131, 0.217322, 0.214311, 0.214302]
    mean: 0.218319 s    pstdev: 0.002075 s
  File: file-1GB.bin
    runs: [2.077416, 2.112450, 2.117906, 2.137113, 2.124199, 2.138905, 2.144529, 2.162136, 2.153584, 2.140998, 2.166368, 2.182877, 2.212986, 2.187145, 2.185905, 2.117611, 2.126885, 2.163041, 2.120684, 2.139354]
    mean: 2.145605 s    pstdev: 0.031032 s

Program: ./unixcopy-stdlib
  File: file-1B.bin
    runs: [0.005465, 0.005992, 0.005973, 0.007157, 0.007127, 0.005407, 0.006016, 0.005909, 0.005910, 0.007017, 0.006891, 0.005940, 0.006019, 0.005928, 0.006919, 0.006002, 0.006889, 0.005997, 0.005898, 0.005915]
    mean: 0.006219 s    pstdev: 0.000539 s
  File: file-100MB.bin
    runs: [0.008988, 0.007930, 0.007900, 0.008966, 0.007931, 0.007887, 0.007924, 0.007936, 0.008878, 0.007855, 0.007943, 0.007831, 0.007986, 0.007913, 0.007889, 0.007938, 0.008004, 0.007796, 0.008026, 0.007882]
    mean: 0.008070 s    pstdev: 0.000371 s
  File: file-1GB.bin
    runs: [0.026982, 0.026649, 0.026679, 0.028623, 0.026639, 0.026653, 0.026731, 0.026713, 0.027658, 0.026592, 0.026716, 0.026765, 0.026652, 0.026567, 0.026676, 0.026775, 0.026656, 0.027670, 0.031720, 0.027687]
    mean: 0.027190 s    pstdev: 0.001163 s

Program: cp
  File: file-1B.bin
    runs: [0.001786, 0.001652, 0.001719, 0.001594, 0.001673, 0.001605, 0.001612, 0.001588, 0.001588, 0.001680, 0.001638, 0.001640, 0.001625, 0.001555, 0.001685, 0.001615, 0.001636, 0.001572, 0.001626, 0.001908]
    mean: 0.001650 s    pstdev: 0.000079 s
  File: file-100MB.bin
    runs: [0.001917, 0.001786, 0.001995, 0.001774, 0.001794, 0.001841, 0.001702, 0.001762, 0.001656, 0.001763, 0.001675, 0.001737, 0.001714, 0.001672, 0.001930, 0.002026, 0.001730, 0.001648, 0.001760, 0.001703]
    mean: 0.001779 s    pstdev: 0.000107 s
  File: file-1GB.bin
    runs: [0.002754, 0.002646, 0.003000, 0.002920, 0.002910, 0.002851, 0.003142, 0.002883, 0.002833, 0.002759, 0.002667, 0.002749, 0.002913, 0.003015, 0.002910, 0.003028, 0.002850, 0.002793, 0.002909, 0.002996]
    mean: 0.002876 s    pstdev: 0.000123 s

================================================================================
Buffer size: 512 bytes
================================================================================

Program: ./unixcopy
  File: file-1B.bin
    runs: [0.005758, 0.006854, 0.006002, 0.006890, 0.005964, 0.005916, 0.005979, 0.006912, 0.006921, 0.005976, 0.006062, 0.005852, 0.005932, 0.005829, 0.005045, 0.005956, 0.006004, 0.005975, 0.005809, 0.006026]
    mean: 0.006083 s    pstdev: 0.000455 s
  File: file-100MB.bin
    runs: [0.005934, 0.006842, 0.006077, 0.006864, 0.007900, 0.007887, 0.006961, 0.007878, 0.006959, 0.006955, 0.007921, 0.006800, 0.007046, 0.006837, 0.006967, 0.006909, 0.006913, 0.006840, 0.006973, 0.006967]
    mean: 0.007022 s    pstdev: 0.000518 s
  File: file-1GB.bin
    runs: [0.011943, 0.011685, 0.011565, 0.011748, 0.011566, 0.011591, 0.012684, 0.011645, 0.011684, 0.013553, 0.011556, 0.011815, 0.011738, 0.011543, 0.013700, 0.013478, 0.011526, 0.011850, 0.012669, 0.012796]
    mean: 0.012117 s    pstdev: 0.000723 s

Program: ./unixcopy-stdlib
  File: file-1B.bin
    runs: [0.005490, 0.005961, 0.005850, 0.006082, 0.005939, 0.006917, 0.006875, 0.006003, 0.005880, 0.004975, 0.007027, 0.005904, 0.005920, 0.006017, 0.005982, 0.005858, 0.005912, 0.006005, 0.005889, 0.005944]
    mean: 0.006022 s    pstdev: 0.000451 s
  File: file-100MB.bin
    runs: [0.005920, 0.005946, 0.006005, 0.006912, 0.005876, 0.005913, 0.005872, 0.006062, 0.005883, 0.006818, 0.006021, 0.005932, 0.005894, 0.005882, 0.006006, 0.005772, 0.006048, 0.005907, 0.005874, 0.005945]
    mean: 0.006024 s    pstdev: 0.000289 s
  File: file-1GB.bin
    runs: [0.008916, 0.008634, 0.008712, 0.007688, 0.008543, 0.008594, 0.008749, 0.008620, 0.008683, 0.008579, 0.009651, 0.006668, 0.008570, 0.008677, 0.008609, 0.009719, 0.008657, 0.008670, 0.008735, 0.009481]
    mean: 0.008658 s    pstdev: 0.000625 s

Program: cp
  File: file-1B.bin
    runs: [0.001933, 0.001637, 0.001608, 0.001690, 0.001608, 0.001647, 0.001615, 0.001644, 0.001618, 0.001599, 0.001677, 0.001608, 0.001690, 0.001584, 0.001662, 0.001779, 0.001619, 0.001639, 0.001604, 0.001725]
    mean: 0.001659 s    pstdev: 0.000078 s
  File: file-100MB.bin
    runs: [0.001676, 0.001732, 0.001915, 0.001748, 0.001794, 0.001882, 0.001697, 0.001707, 0.001800, 0.001714, 0.001825, 0.001696, 0.001733, 0.001687, 0.001700, 0.001702, 0.001685, 0.001692, 0.001705, 0.001781]
    mean: 0.001744 s    pstdev: 0.000066 s
  File: file-1GB.bin
    runs: [0.002784, 0.002731, 0.002889, 0.003214, 0.002963, 0.002848, 0.002956, 0.002957, 0.002894, 0.002855, 0.002993, 0.002954, 0.003033, 0.002846, 0.002973, 0.002905, 0.002719, 0.002925, 0.002946, 0.002769]
    mean: 0.002908 s    pstdev: 0.000111 s

================================================================================
Buffer size: 1024 bytes
================================================================================

Program: ./unixcopy
  File: file-1B.bin
    runs: [0.005699, 0.005917, 0.006979, 0.005956, 0.005997, 0.005925, 0.005913, 0.006022, 0.005925, 0.006929, 0.005927, 0.006057, 0.005892, 0.005839, 0.006106, 0.005900, 0.015706, 0.012270, 0.012957, 0.011915]
    mean: 0.007492 s    pstdev: 0.002953 s
  File: file-100MB.bin
    runs: [0.007975, 0.005918, 0.006955, 0.005865, 0.005970, 0.005930, 0.005870, 0.005940, 0.005869, 0.005885, 0.005924, 0.006030, 0.005971, 0.005837, 0.006963, 0.005906, 0.005899, 0.006899, 0.005875, 0.005892]
    mean: 0.006169 s    pstdev: 0.000554 s
  File: file-1GB.bin
    runs: [0.010045, 0.011595, 0.010702, 0.009628, 0.011707, 0.009648, 0.011725, 0.009631, 0.009492, 0.010710, 0.009729, 0.009591, 0.009701, 0.009722, 0.009671, 0.009680, 0.009671, 0.009589, 0.009722, 0.009536]
    mean: 0.010075 s    pstdev: 0.000747 s

Program: ./unixcopy-stdlib
  File: file-1B.bin
    runs: [0.005655, 0.005861, 0.006066, 0.005847, 0.006060, 0.005930, 0.006933, 0.005906, 0.005869, 0.005040, 0.005907, 0.006030, 0.006984, 0.006946, 0.006911, 0.005984, 0.006053, 0.005916, 0.005839, 0.005934]
    mean: 0.006084 s    pstdev: 0.000479 s
  File: file-100MB.bin
    runs: [0.006040, 0.005891, 0.007056, 0.005869, 0.006069, 0.006787, 0.005882, 0.005912, 0.005874, 0.005985, 0.005898, 0.005854, 0.005957, 0.005863, 0.006048, 0.005889, 0.005880, 0.005917, 0.006020, 0.005890]
    mean: 0.006029 s    pstdev: 0.000308 s
  File: file-1GB.bin
    runs: [0.008984, 0.008520, 0.009739, 0.008688, 0.008487, 0.009800, 0.009595, 0.007632, 0.007749, 0.008547, 0.008744, 0.008544, 0.008734, 0.007659, 0.008730, 0.009634, 0.008518, 0.007614, 0.008786, 0.008587]
    mean: 0.008665 s    pstdev: 0.000652 s

Program: cp
  File: file-1B.bin
    runs: [0.001759, 0.001623, 0.001786, 0.001623, 0.001601, 0.001592, 0.001692, 0.001590, 0.001590, 0.001629, 0.001578, 0.001606, 0.001612, 0.001593, 0.001696, 0.001578, 0.001665, 0.001569, 0.001622, 0.001582]
    mean: 0.001629 s    pstdev: 0.000059 s
  File: file-100MB.bin
    runs: [0.001694, 0.001718, 0.002006, 0.001928, 0.001648, 0.001763, 0.001675, 0.001743, 0.001665, 0.001740, 0.001700, 0.001775, 0.001715, 0.001648, 0.001721, 0.001669, 0.001754, 0.001688, 0.001763, 0.002046]
    mean: 0.001753 s    pstdev: 0.000109 s
  File: file-1GB.bin
    runs: [0.002973, 0.002976, 0.002985, 0.002902, 0.002843, 0.003008, 0.002807, 0.002627, 0.002702, 0.002720, 0.002976, 0.002890, 0.002897, 0.003019, 0.002868, 0.002961, 0.002941, 0.002901, 0.002902, 0.002899]
    mean: 0.002890 s    pstdev: 0.000103 s

Measurements complete.